corp = [
  [
    [55.7283, 37.6075], # корпус Е
    [55.72839, 37.60735],
    [55.72854, 37.60759],
    [55.72855, 37.60785],
    [55.72858, 37.607630],
    [55.72857, 37.60764],
    [55.72859, 37.60769],
    [55.72851, 37.60785],
    [55.7284, 37.60768],
    [55.72839, 37.6077],
    [55.72836, 37.60765],
    [55.72837, 37.60763],
    [55.7283, 37.6075]
  ],
  [
    [55.72758, 37.60679], # корпус П
    [55.72766, 37.60663],
    [55.7277, 37.60669],
    [55.72778, 37.60655],
    [55.72794, 37.60684],
    [55.72791, 37.6069],
    [55.72786, 37.60682],
    [55.72782, 37.6069],
    [55.72792, 37.60708],
    [55.72783, 37.60723],
    [55.72758, 37.60679]
  ],
]
  обратите внимание, координаты первой и последней точки равны!

