dormitory = [
  [
    [55,6548868, 37,5211020], # общежитие М4
    [55,6545897, 37,5207126],
    [55,6545441, 37,5208220],
    [55,6544221, 37,5206622],
    [55,6543784, 37,5207668],
    [55,6544080, 37,5208056],
    [55,6543765, 37,5208811],
    [55,6545532, 37,5211127],
    [55,6545931, 37,5210172],
    [55,6548284, 37,5213256],
    [55,6548634, 37,5212418],
    [55,6548409, 37,5212122],
    [55,6548868, 37,5211020]
  ],
  [
    [55,7391461, 37,5422278], # общежитие ДСГ6
    [55,7391370, 37,5423366],
    [55,7391098, 37,5423295],
    [55,7390921, 37,5425414],
    [55,7391195, 37,5425487],
    [55,7391119, 37,5426394],
    [55,7392134, 37,5426662],
    [55,7392479, 37,5422546],
    [55,7394044, 37,5422960],
    [55,7394914, 37,5423190],
    [55,7396940, 37,5423726],
    [55,7397094, 37,5421883],
    [55,7389560, 37,5419891],
    [55,7389405, 37,5421734],
    [55,7391461, 37,5422278]
  ],
  [
    [55,7394044, 37,5422960], # общежитие ДСГ5
    [55,7394914, 37,5423190],
    [55,7394570, 37,5427306],
    [55,7396566, 37,5427834],
    [55,7396409, 37,5429705],
    [55,7394425, 37,5429180],
    [55,7394448, 37,5428903],
    [55,7393314, 37,5428603],
    [55,7393285, 37,5428953],
    [55,7391978, 37,5428607],
    [55,7392007, 37,5428262],
    [55,7390974, 37,5427989],
    [55,7390943, 37,5428361],
    [55,7388922, 37,5427826],
    [55,7389087, 37,5425857],
    [55,7391119, 37,5426394],
    [55,7392134, 37,5426662],
    [55,7393699, 37,5427076],
    [55,7394044, 37,5422960]
  ],
]
  обратите внимание, координаты первой и последней точки равны!
